255 255 255 255 255 255 255 255 255 255 255 255 255 255 255 255
255 255 255 255 255 255 255 255 255 255 255 255 255 255 255 255
255 255 255 255 255 255 255 255 255 255 255 255 255 255 255 255
255 255 255   0   0   0   0 255 255 255 255 255 255 255 255 255
255 255 255   0   0   0   0 255 255 255 255 255 255 255 255 255
255 255 255   0   0   0   0 255 255   0 255 255 152 255 255 255
255 255 255   0   0   0   0 255 255   0 255 255 255 255 255 255
255 255 255 255 255 255 255 255 255 255 255 255 255 255 255 255
255 255 255 255 255 255 255 255 255 255 255 255 255 255 255 255
255 255 255   0   0   0   0 255 255   0   0   0   0 255 255 255
255 255 255   0   0   0   0 255 255   0   0   0   0 255 255 255
255 255 255   0   0   0   0 255 255   0   0   0   0 255 255 255
255 255 255   0   0   0   0 255 255   0   0   0   0 255 255 255
255 255 255 255 255 255 255 255 255 255 255 255 255 255 255 255
255 255 255 255 255 255 255 255 255 255 255 255 255 255 255 255
255 255 255 255 255 255 255 255 255 255 255 255 255 255 255 255
255 255 255 255 255 255 255 255 255 255 255 255 255 255 255 255
255 255 255 255 255 255 255 255 255 255 255 255 255 255 255 255
255 255 255 255 255 255 255 255 255 255 255 255 255 255 255 255
255 255 255   0   0   0   0 255 255 255 255 255 255 255 255 255
255 255 255   0   0   0   0 255 255 255 255 255 255 255 255 255
255 255 255   0   0   0   0 255 255   0 255 255 152 255 255 255
255 255 255   0   0   0   0 255 255   0 255 255 255 255 255 255
255 255 255 255 255 255 255 255 255 255 255 255 255 255 255 255
255 255 255 255 255 255 255 255 255 255 255 255 255 255 255 255
255 255 255   0   0   0   0 255 255   0   0   0   0 255 255 255
255 255 255   0   0   0   0 255 255   0   0   0   0 255 255 255
255 255 255   0   0   0   0 255 255   0   0   0   0 255 255 255
255 255 255   0   0   0   0 255 255   0   0   0   0 255 255 255
255 255 255 255 255 255 255 255 255 255 255 255 255 255 255 255
255 255 255 255 255 255 255 255 255 255 255 255 255 255 255 255
255 255 255 255 255 255 255 255 255 255 255 255 255 255 255 255
255 255 255 255 255 255 255 255 255 255 255 255 255 255 255 255
255 255 255 255 255 255 255 255 255 255 255 255 255 255 255 255
255 255 255 255 255 255 255 255 255 255 255 255 255 255 255 255
255 255 255   0   0   0   0 255 255 255 255 255 255 255 255 255
255 255 255   0   0   0   0 255 255 255 255 255 255 255 255 255
255 255 255   0   0   0   0 255 255   0 255 255 152 255 255 255
255 255 255   0   0   0   0 255 255   0 255 255 255 255 255 255
255 255 255 255 255 255 255 255 255 255 255 255 255 255 255 255
255 255 255 255 255 255 255 255 255 255 255 255 255 255 255 255
255 255 255   0   0   0   0 255 255   0   0   0   0 255 255 255
255 255 255   0   0   0   0 255 255   0   0   0   0 255 255 255
255 255 255   0   0   0   0 255 255   0   0   0   0 255 255 255
255 255 255   0   0   0   0 255 255   0   0   0   0 255 255 255
255 255 255 255 255 255 255 255 255 255 255 255 255 255 255 255
255 255 255 255 255 255 255 255 255 255 255 255 255 255 255 255
255 255 255 255 255 255 255 255 255 255 255 255 255 255 255 255

255 255 255 255 255 255 255 255 255 255 255 255 255 255 255 255
255 255 255 255 255 255 255 255 255 255 255 255 255 255 255 255
255 255 255 255 255 255 255 255 255 255 255 255 255 255 255 255
255 255 255 255 255 152 255 255 255   0   0   0   0 255 255 255
255 255 255 255 255 255 255 255 255   0   0   0   0 255 255 255
255 255 255 255 255 255 255 255 255   0   0   0   0 255 255 255
255 255 255 255 255   0   0 255 255   0   0   0   0 255 255 255
255 255 255 255 255 255 255 255 255 255 255 255 255 255 255 255
255 255 255 255 255 255 255 255 255 255 255 255 255 255 255 255
255 255 255   0   0   0   0 255 255   0   0   0   0 255 255 255
255 255 255   0   0   0   0 255 255   0   0   0   0 255 255 255
255 255 255   0   0   0   0 255 255   0   0   0   0 255 255 255
255 255 255   0   0   0   0 255 255   0   0   0   0 255 255 255
255 255 255 255 255 255 255 255 255 255 255 255 255 255 255 255
255 255 255 255 255 255 255 255 255 255 255 255 255 255 255 255
255 255 255 255 255 255 255 255 255 255 255 255 255 255 255 255
255 255 255 255 255 255 255 255 255 255 255 255 255 255 255 255
255 255 255 255 255 255 255 255 255 255 255 255 255 255 255 255
255 255 255 255 255 255 255 255 255 255 255 255 255 255 255 255
255 255 255 255 255 152 255 255 255   0   0   0   0 255 255 255
255 255 255 255 255 255 255 255 255   0   0   0   0 255 255 255
255 255 255 255 255 255 255 255 255   0   0   0   0 255 255 255
255 255 255 255 255   0   0 255 255   0   0   0   0 255 255 255
255 255 255 255 255 255 255 255 255 255 255 255 255 255 255 255
255 255 255 255 255 255 255 255 255 255 255 255 255 255 255 255
255 255 255   0   0   0   0 255 255   0   0   0   0 255 255 255
255 255 255   0   0   0   0 255 255   0   0   0   0 255 255 255
255 255 255   0   0   0   0 255 255   0   0   0   0 255 255 255
255 255 255   0   0   0   0 255 255   0   0   0   0 255 255 255
255 255 255 255 255 255 255 255 255 255 255 255 255 255 255 255
255 255 255 255 255 255 255 255 255 255 255 255 255 255 255 255
255 255 255 255 255 255 255 255 255 255 255 255 255 255 255 255
255 255 255 255 255 255 255 255 255 255 255 255 255 255 255 255
255 255 255 255 255 255 255 255 255 255 255 255 255 255 255 255
255 255 255 255 255 255 255 255 255 255 255 255 255 255 255 255
255 255 255 255 255 152 255 255 255   0   0   0   0 255 255 255
255 255 255 255 255 255 255 255 255   0   0   0   0 255 255 255
255 255 255 255 255 255 255 255 255   0   0   0   0 255 255 255
255 255 255 255 255   0   0 255 255   0   0   0   0 255 255 255
255 255 255 255 255 255 255 255 255 255 255 255 255 255 255 255
255 255 255 255 255 255 255 255 255 255 255 255 255 255 255 255
255 255 255   0   0   0   0 255 255   0   0   0   0 255 255 255
255 255 255   0   0   0   0 255 255   0   0   0   0 255 255 255
255 255 255   0   0   0   0 255 255   0   0   0   0 255 255 255
255 255 255   0   0   0   0 255 255   0   0   0   0 255 255 255
255 255 255 255 255 255 255 255 255 255 255 255 255 255 255 255
255 255 255 255 255 255 255 255 255 255 255 255 255 255 255 255
255 255 255 255 255 255 255 255 255 255 255 255 255 255 255 255

255 255 255 255 255 255 255 255 255 255 255 255 255 255 255 255
255 255 255 255 255 255 255 255 255 255 255 255 255 255 255 255
255 255 254 249 246 246 247 252 251 247 246 246 249 254 255 255
255 255 249 127  74  74  91 191 184  87  74  74 137 249 255 255
255 255 246  74   0   0  24 165 155  18   0   0  89 247 255 255
255 255 246  74   0   0  24 165 155  18   0   0  89 247 255 255
255 255 247  91  24  24  45 174 165  40  24  24 104 248 255 255
255 255 252 191 165 165 174 223 220 171 165 165 196 252 255 255
255 255 253 198 196 187 234 230 216 162 155 155 190 252 255 255
255 255 254 149  84 159 121 212 162  34  18  18 100 248 255 255
255 255 252 120  91 225 111 244 155  18   0   0  89 247 255 255
255 255 255 255 255 255 255 255 155  18   0   0  89 247 255 255
255 255 255 255 255 255 255 255 190 100  89  89 147 250 255 255
255 255 255 255 255 255 255 255 252 248 247 247 250 254 255 255
255 255 255 255 255 255 255 255 255 255 255 255 255 255 255 255
255 255 255 255 255 255 255 255 255 255 255 255 255 255 255 255
255 255 255 255 255 255 255 255 255 255 255 255 255 255 255 255
255 255 255 255 255 255 255 255 255 255 255 255 255 255 255 255
255 255 254 249 246 246 247 252 251 247 246 246 249 254 255 255
255 255 249 127  74  74  91 191 184  87  74  74 137 249 255 255
255 255 246  74   0   0  24 165 155  18   0   0  89 247 255 255
255 255 246  74   0   0  24 165 155  18   0   0  89 247 255 255
255 255 247  91  24  24  45 174 165  40  24  24 104 248 255 255
255 255 252 191 165 165 174 223 220 171 165 165 196 252 255 255
255 255 253 198 196 187 234 230 216 162 155 155 190 252 255 255
255 255 254 149  84 159 121 212 162  34  18  18 100 248 255 255
255 255 252 120  91 225 111 244 155  18   0   0  89 247 255 255
255 255 255 255 255 255 255 255 155  18   0   0  89 247 255 255
255 255 255 255 255 255 255 255 190 100  89  89 147 250 255 255
255 255 255 255 255 255 255 255 252 248 247 247 250 254 255 255
255 255 255 255 255 255 255 255 255 255 255 255 255 255 255 255
255 255 255 255 255 255 255 255 255 255 255 255 255 255 255 255
255 255 255 255 255 255 255 255 255 255 255 255 255 255 255 255
255 255 255 255 255 255 255 255 255 255 255 255 255 255 255 255
255 255 254 249 246 246 247 252 251 247 246 246 249 254 255 255
255 255 249 127  74  74  91 191 184  87  74  74 137 249 255 255
255 255 246  74   0   0  24 165 155  18   0   0  89 247 255 255
255 255 246  74   0   0  24 165 155  18   0   0  89 247 255 255
255 255 247  91  24  24  45 174 165  40  24  24 104 248 255 255
255 255 252 191 165 165 174 223 220 171 165 165 196 252 255 255
255 255 253 198 196 187 234 230 216 162 155 155 190 252 255 255
255 255 254 149  84 159 121 212 162  34  18  18 100 248 255 255
255 255 252 120  91 225 111 244 155  18   0   0  89 247 255 255
255 255 255 255 255 255 255 255 155  18   0   0  89 247 255 255
255 255 255 255 255 255 255 255 190 100  89  89 147 250 255 255
255 255 255 255 255 255 255 255 252 248 247 247 250 254 255 255
255 255 255 255 255 255 255 255 255 255 255 255 255 255 255 255
255 255 255 255 255 255 255 255 255 255 255 255 255 255 255 255

255 255 255 255 255 255 255 255 255 255 255 255 255 255 255 255
255 255 255 255 255 255 255 255 255 255 255 255 255 255 255 255
255 255 255 250 247 247 248 252 252 248 247 247 250 255 255 255
255 255 250 137  82  82  96 191 191  96  82  82 137 250 255 255
255 255 247  82   0   0  21 161 161  21   0   0  82 247 255 255
255 255 247  82   0   0  21 161 161  21   0   0  82 247 255 255
255 255 248  96  21  21  40 168 168  40  21  21  96 248 255 255
255 255 252 191 161 161 168 220 220 168 161 161 191 252 255 255
255 255 252 191 161 161 168 220 230 211 243 255 255 255 255 255
255 255 248  96  21  21  40 168 237 124 106 255 255 255 255 255
255 255 247  82   0   0  21 161 189 160 229 255 255 255 255 255
255 255 247  82   0   0  21 161 199  88  90 255 255 255 255 255
255 255 250 137  82  82  96 191 204 155 127 255 255 255 255 255
255 255 255 250 247 247 248 252 254 254 253 255 255 255 255 255
255 255 255 255 255 255 255 255 255 255 255 255 255 255 255 255
255 255 255 255 255 255 255 255 255 255 255 255 255 255 255 255
255 255 255 255 255 255 255 255 255 255 255 255 255 255 255 255
255 255 255 255 255 255 255 255 255 255 255 255 255 255 255 255
255 255 255 250 247 247 248 252 252 248 247 247 250 255 255 255
255 255 250 137  82  82  96 191 191  96  82  82 137 250 255 255
255 255 247  82   0   0  21 161 161  21   0   0  82 247 255 255
255 255 247  82   0   0  21 161 161  21   0   0  82 247 255 255
255 255 248  96  21  21  40 168 168  40  21  21  96 248 255 255
255 255 252 191 161 161 168 220 220 168 161 161 191 252 255 255
255 255 252 191 161 161 168 220 230 211 243 255 255 255 255 255
255 255 248  96  21  21  40 168 237 124 106 255 255 255 255 255
255 255 247  82   0   0  21 161 189 160 229 255 255 255 255 255
255 255 247  82   0   0  21 161 199  88  90 255 255 255 255 255
255 255 250 137  82  82  96 191 204 155 127 255 255 255 255 255
255 255 255 250 247 247 248 252 254 254 253 255 255 255 255 255
255 255 255 255 255 255 255 255 255 255 255 255 255 255 255 255
255 255 255 255 255 255 255 255 255 255 255 255 255 255 255 255
255 255 255 255 255 255 255 255 255 255 255 255 255 255 255 255
255 255 255 255 255 255 255 255 255 255 255 255 255 255 255 255
255 255 255 250 247 247 248 252 252 248 247 247 250 255 255 255
255 255 250 137  82  82  96 191 191  96  82  82 137 250 255 255
255 255 247  82   0   0  21 161 161  21   0   0  82 247 255 255
255 255 247  82   0   0  21 161 161  21   0   0  82 247 255 255
255 255 248  96  21  21  40 168 168  40  21  21  96 248 255 255
255 255 252 191 161 161 168 220 220 168 161 161 191 252 255 255
255 255 252 191 161 161 168 220 230 211 243 255 255 255 255 255
255 255 248  96  21  21  40 168 237 124 106 255 255 255 255 255
255 255 247  82   0   0  21 161 189 160 229 255 255 255 255 255
255 255 247  82   0   0  21 161 199  88  90 255 255 255 255 255
255 255 250 137  82  82  96 191 204 155 127 255 255 255 255 255
255 255 255 250 247 247 248 252 254 254 253 255 255 255 255 255
255 255 255 255 255 255 255 255 255 255 255 255 255 255 255 255
255 255 255 255 255 255 255 255 255 255 255 255 255 255 255 255
